        weighted avg       0.83      0.81      0.81      2622

Output is truncated. View as a scrollable element or open in a text editor. Adjust cell output settings...
[[[2543   35]
  [  14   30]]

 [[2562   22]
  [  11   27]]

 [[2559   11]
  [   5   47]]

 [[2574    1]
  [   2   45]]

 [[2570    2]
  [  24   26]]

 [[2565   10]
  [  18   29]]

 [[2562    4]
  [  17   39]]

 [[2544   26]
  [   6   46]]

 [[2546   16]
  [   4   56]]

 [[2558   11]
  [   8   45]]

 [[2573    3]
  [  14   32]]

 [[2562    7]
  [  15   38]]

 [[2575    1]
  [   3   43]]

 [[2560    6]
  [   6   50]]

 [[2527   31]
  [   6   58]]

 [[2552    7]
  [  13   50]]

 [[2563   10]
  [   9   40]]

 [[2578   11]
  [   5   28]]

 [[2548    5]
  [  23   46]]

 [[2563    5]
  [  17   37]]

 [[2568    0]
  [   4   50]]

 [[2549   12]
  [  17   44]]

 [[2554    5]
  [  26   37]]

 [[2537   34]
  [  23   28]]

 [[2574    0]
  [  17   31]]

 [[2570    5]
  [  25   22]]

 [[2564    2]
  [   3   53]]

 [[2560    8]
  [  12   42]]

 [[2566    0]
  [  24   32]]

 [[2568    6]
  [  14   34]]

 [[2574    2]
  [   2   44]]

 [[2542   21]
  [   2   57]]

 [[2561    7]
  [   1   53]]

 [[2558   11]
  [  17   36]]

 [[2544   34]
  [   3   41]]

 [[2526   38]
  [   2   56]]

 [[2558    8]
  [  20   36]]

 [[2557   16]
  [   3   46]]

 [[2541   19]
  [  10   52]]

 [[2567    1]
  [   8   46]]

 [[2565    0]
  [   3   54]]

 [[2548   16]
  [  13   45]]

 [[2588    6]
  [   6   22]]

 [[2568    1]
  [   0   53]]

 [[2557    3]
  [   1   61]]

 [[2557    3]
  [   5   57]]

 [[2576    6]
  [   4   36]]

 [[2573    1]
  [   2   46]]

 [[2546   21]
  [  12   43]]

 [[2567    1]
  [  12   42]]]